0 0.3484375 0.465625 0.16875 0.284375
0 0.1828125 0.534375 0.2421875 0.35625
0 0.9390625 0.2671875 0.0828125 0.1015625
0 0.7234375 0.284375 0.0765625 0.0984375
0 0.4609375 0.2953125 0.0546875 0.1
0 0.403125 0.3109375 0.0765625 0.13125
0 0.328125 0.303125 0.0640625 0.09375
0 0.6109375 0.321875 0.0703125 0.1265625
0 0.746875 0.28125 0.075 0.1015625
0 0.9734375 0.2859375 0.053125 0.096875
0 0.08125 0.34375 0.1078125 0.103125
0 0.1515625 0.30625 0.071875 0.1046875
1 0.6296875 0.4359375 0.13125 0.3484375